event_id	PERMNO	EventDate	CalenderDate	EventTime	Ri	Rm
147	43721	14MAR2011	09AUG2010	-150	0.003976115	0.00621
147	43721	14MAR2011	10AUG2010	-149	-0.003856124	-0.00789
147	43721	14MAR2011	11AUG2010	-148	-0.034212224	-0.02909
147	43721	14MAR2011	12AUG2010	-147	-0.008449776	-0.00499
147	43721	14MAR2011	13AUG2010	-146	-0.002949816	-0.00469
147	43721	14MAR2011	16AUG2010	-145	0.011286421	0.00101
147	43721	14MAR2011	17AUG2010	-144	0.023296148	0.01311
147	43721	14MAR2011	18AUG2010	-143	0.005612016	0.00211
147	43721	14MAR2011	19AUG2010	-142	-0.03274719	-0.01739
147	43721	14MAR2011	20AUG2010	-141	-0.004245584	-0.00279
147	43721	14MAR2011	23AUG2010	-140	-0.010057922	-0.00499
147	43721	14MAR2011	24AUG2010	-139	-0.024296019	-0.01479
147	43721	14MAR2011	25AUG2010	-138	0.010186775	0.00451
147	43721	14MAR2011	26AUG2010	-137	0.020728273	-0.00759
147	43721	14MAR2011	27AUG2010	-136	0.030186608	0.01821
147	43721	14MAR2011	30AUG2010	-135	-0.014810862	-0.01539
147	43721	14MAR2011	31AUG2010	-134	0.009193149	0.00011
147	43721	14MAR2011	01SEP2010	-133	0.050262593	0.03051
147	43721	14MAR2011	02SEP2010	-132	0.008877579	0.00971
147	43721	14MAR2011	03SEP2010	-131	0.022554826	0.01351
147	43721	14MAR2011	07SEP2010	-130	-0.002274933	-0.01229
147	43721	14MAR2011	08SEP2010	-129	0.013482707	0.00651
147	43721	14MAR2011	09SEP2010	-128	0.005966868	0.00441
147	43721	14MAR2011	10SEP2010	-127	-0.020420056	0.00451
147	43721	14MAR2011	13SEP2010	-126	0.028489208	0.01301
147	43721	14MAR2011	14SEP2010	-125	0.000482608	-0.00059
147	43721	14MAR2011	15SEP2010	-124	0.011962163	0.00361
147	43721	14MAR2011	16SEP2010	-123	0.004480469	-0.00069
147	43721	14MAR2011	17SEP2010	-122	-0.001613417	0.00151
147	43721	14MAR2011	20SEP2010	-121	0.017965775	0.01601
147	43721	14MAR2011	21SEP2010	-120	-0.006816657	-0.00309
147	43721	14MAR2011	22SEP2010	-119	-0.013256898	-0.00519
147	43721	14MAR2011	23SEP2010	-118	-0.016674608	-0.00779
147	43721	14MAR2011	24SEP2010	-117	0.016085308	0.02191
147	43721	14MAR2011	27SEP2010	-116	0.01258821	-0.00459
147	43721	14MAR2011	28SEP2010	-115	0.006215822	0.00581
147	43721	14MAR2011	29SEP2010	-114	-0.01722198	-0.00169
147	43721	14MAR2011	30SEP2010	-113	0.009238107	-0.00259
147	43721	14MAR2011	01OCT2010	-112	0.003114106	0.00431
147	43721	14MAR2011	04OCT2010	-111	-0.003574834	-0.00879
147	43721	14MAR2011	05OCT2010	-110	0.039652612	0.02111
147	43721	14MAR2011	06OCT2010	-109	-0.00953508	-0.00099
147	43721	14MAR2011	07OCT2010	-108	0.00476755	-0.00159
147	43721	14MAR2011	08OCT2010	-107	0.011862424	0.00741
147	43721	14MAR2011	11OCT2010	-106	0.003787521	0.00041
147	43721	14MAR2011	12OCT2010	-105	0.003234216	0.00391
147	43721	14MAR2011	13OCT2010	-104	0.011999678	0.00781
147	43721	14MAR2011	14OCT2010	-103	-0.001238823	-0.00379
147	43721	14MAR2011	15OCT2010	-102	0.000885962	0.001810001
147	43721	14MAR2011	18OCT2010	-101	0.007524108	0.00691
147	43721	14MAR2011	19OCT2010	-100	-0.025039522	-0.01669
147	43721	14MAR2011	20OCT2010	-99	0.025412271	0.01061
147	43721	14MAR2011	21OCT2010	-98	0.004218259	0.00111
147	43721	14MAR2011	22OCT2010	-97	-0.0133018	0.00291
147	43721	14MAR2011	25OCT2010	-96	0.018270489	0.00311
147	43721	14MAR2011	26OCT2010	-95	-0.010800434	0.00021
147	43721	14MAR2011	27OCT2010	-94	-0.006691927	-0.00239
147	43721	14MAR2011	28OCT2010	-93	-0.090328828	0.00081
147	43721	14MAR2011	29OCT2010	-92	-0.001266857	0.00071
147	43721	14MAR2011	01NOV2010	-91	0.007903261	-9E-05
147	43721	14MAR2011	02NOV2010	-90	0.017328104	0.00901
147	43721	14MAR2011	03NOV2010	-89	0.001617716	0.00381
147	43721	14MAR2011	04NOV2010	-88	0.028785851	0.01941
147	43721	14MAR2011	05NOV2010	-87	0.002955025	0.00411
147	43721	14MAR2011	08NOV2010	-86	0.00580054	-0.00119
147	43721	14MAR2011	09NOV2010	-85	-0.01102128	-0.00779
147	43721	14MAR2011	10NOV2010	-84	0.014765939	0.00531
147	43721	14MAR2011	11NOV2010	-83	-0.019950585	-0.00349
147	43721	14MAR2011	12NOV2010	-82	-0.015781071	-0.01289
147	43721	14MAR2011	15NOV2010	-81	0.008064502	-0.00089
147	43721	14MAR2011	16NOV2010	-80	-0.021082332	-0.01579
147	43721	14MAR2011	17NOV2010	-79	-0.001538349	0.00071
147	43721	14MAR2011	18NOV2010	-78	0.011073679	0.01571
147	43721	14MAR2011	19NOV2010	-77	0.000761922	0.00311
147	43721	14MAR2011	22NOV2010	-76	0.010182715	-0.00019
147	43721	14MAR2011	23NOV2010	-75	-0.010551132	-0.01379
147	43721	14MAR2011	24NOV2010	-74	0.025611753	0.01591
147	43721	14MAR2011	26NOV2010	-73	-0.005941323	-0.00669
147	43721	14MAR2011	29NOV2010	-72	-0.008311537	-0.00129
147	43721	14MAR2011	30NOV2010	-71	-0.01534989	-0.00589
147	43721	14MAR2011	01DEC2010	-70	0.025153069	0.02121
147	43721	14MAR2011	02DEC2010	-69	0.015020063	0.01231
147	43721	14MAR2011	03DEC2010	-68	0.009466901	0.00351
147	43721	14MAR2011	06DEC2010	-67	-0.002094176	-0.00029
147	43721	14MAR2011	07DEC2010	-66	-0.002463473	0.00101
147	43721	14MAR2011	08DEC2010	-65	-0.019390861	0.00321
147	43721	14MAR2011	09DEC2010	-64	-0.015576888	0.00421
147	43721	14MAR2011	10DEC2010	-63	0.001610746	0.00671
147	43721	14MAR2011	13DEC2010	-62	-0.009932792	-0.00079
147	43721	14MAR2011	14DEC2010	-61	0.032199454	0.00091
147	43721	14MAR2011	15DEC2010	-60	-0.010645205	-0.00489
147	43721	14MAR2011	16DEC2010	-59	0.023671467	0.00701
147	43721	14MAR2011	17DEC2010	-58	0.003107543	0.00151
147	43721	14MAR2011	20DEC2010	-57	-0.004646944	0.00231
147	43721	14MAR2011	21DEC2010	-56	0.000366175	0.00681
147	43721	14MAR2011	22DEC2010	-55	0.005490469	0.00291
147	43721	14MAR2011	23DEC2010	-54	-0.01483434	-0.00159
147	43721	14MAR2011	27DEC2010	-53	0.002494195	0.00081
147	43721	14MAR2011	28DEC2010	-52	-0.005068148	1E-05
147	43721	14MAR2011	29DEC2010	-51	-0.001389289	0.00171
147	43721	14MAR2011	30DEC2010	-50	-0.001669452	-0.00109
147	43721	14MAR2011	31DEC2010	-49	-0.007060592	-0.00099
147	43721	14MAR2011	03JAN2011	-48	-0.002619749	0.0118
147	43721	14MAR2011	04JAN2011	-47	-0.012851737	-0.0026
147	43721	14MAR2011	05JAN2011	-46	-0.015965031	0.0059
147	43721	14MAR2011	06JAN2011	-45	-0.013423461	-0.0015
147	43721	14MAR2011	07JAN2011	-44	0.010963147	-0.0021
147	43721	14MAR2011	10JAN2011	-43	0.001258762	-0.0002
147	43721	14MAR2011	11JAN2011	-42	0.004158134	0.0039
147	43721	14MAR2011	12JAN2011	-41	0.008089406	0.0087
147	43721	14MAR2011	13JAN2011	-40	0.005158587	-0.0017
147	43721	14MAR2011	14JAN2011	-39	0.010739377	0.0069
147	43721	14MAR2011	18JAN2011	-38	-0.01194167	0.0018
147	43721	14MAR2011	19JAN2011	-37	-0.000190372	-0.0124
147	43721	14MAR2011	20JAN2011	-36	-0.013611273	-0.003
147	43721	14MAR2011	21JAN2011	-35	-0.008202244	0.0011
147	43721	14MAR2011	24JAN2011	-34	0.002918886	0.0065
147	43721	14MAR2011	25JAN2011	-33	0.042491242	0.0002
147	43721	14MAR2011	26JAN2011	-32	0.011539158	0.006
147	43721	14MAR2011	27JAN2011	-31	-0.004231822	0.0026
147	43721	14MAR2011	28JAN2011	-30	-0.023558717	-0.0188
147	43721	14MAR2011	31JAN2011	-29	0.016747059	0.0071
147	43721	14MAR2011	01FEB2011	-28	0.021310264	0.01751
147	43721	14MAR2011	02FEB2011	-27	0.014851911	-0.00259
147	43721	14MAR2011	03FEB2011	-26	0.009696551	0.00261
147	43721	14MAR2011	04FEB2011	-25	-0.010314743	0.00291
147	43721	14MAR2011	07FEB2011	-24	0.006289281	0.007010001
147	43721	14MAR2011	08FEB2011	-23	0.010446407	0.00481
147	43721	14MAR2011	09FEB2011	-22	-0.003723058	-0.00309
147	43721	14MAR2011	10FEB2011	-21	-0.000088995	0.00121
147	43721	14MAR2011	11FEB2011	-20	-0.001601711	0.00671
147	43721	14MAR2011	14FEB2011	-19	0.010338713	0.00301
147	43721	14MAR2011	15FEB2011	-18	-0.005204692	-0.00379
147	43721	14MAR2011	16FEB2011	-17	0.004611194	0.00681
147	43721	14MAR2011	17FEB2011	-16	0.011474935	0.00371
147	43721	14MAR2011	18FEB2011	-15	-0.006108709	0.00121
147	43721	14MAR2011	22FEB2011	-14	-0.039863035	-0.02189
147	43721	14MAR2011	23FEB2011	-13	-0.019295845	-0.00779
147	43721	14MAR2011	24FEB2011	-12	-0.013800781	0.00041
147	43721	14MAR2011	25FEB2011	-11	0.025624046	0.01221
147	43721	14MAR2011	28FEB2011	-10	0.00368767	0.00421
147	43721	14MAR2011	01MAR2011	-9	-0.03325069	-0.0158
147	43721	14MAR2011	02MAR2011	-8	0.00380049	0.0028
147	43721	14MAR2011	03MAR2011	-7	0.021107389	0.0176
147	43721	14MAR2011	04MAR2011	-6	-0.002688181	-0.0067
147	43721	14MAR2011	07MAR2011	-5	-0.022399815	-0.0096
147	43721	14MAR2011	08MAR2011	-4	0.008461679	0.0097
147	43721	14MAR2011	09MAR2011	-3	0.004619571	-0.0017
147	43721	14MAR2011	10MAR2011	-2	-0.013982713	-0.0193
147	43721	14MAR2011	11MAR2011	-1	0.003521488	0.0069
147	43721	14MAR2011	14MAR2011	0	0.277314007	-0.0059
147	43721	14MAR2011	15MAR2011	1	-0.006756671	-0.0105
147	43721	14MAR2011	16MAR2011	2	0.001195996	-0.0177
147	43721	14MAR2011	17MAR2011	3	0.000746704	0.0112
147	43721	14MAR2011	18MAR2011	4	-0.002089076	0.0049
147	43721	14MAR2011	21MAR2011	5	0.001794434	0.0158
147	43721	14MAR2011	22MAR2011	6	-0.001716628	-0.0034
147	43721	14MAR2011	23MAR2011	7	7.48338E-05	0.0031
147	43721	14MAR2011	24MAR2011	8	-0.000523341	0.0096
147	43721	14MAR2011	25MAR2011	9	0.000373994	0.0041
147	43721	14MAR2011	28MAR2011	10	0.001495304	-0.0035
147	43721	14MAR2011	29MAR2011	11	0.000522638	0.0074
147	43721	14MAR2011	30MAR2011	12	-0.000074689	0.0079
147	43721	14MAR2011	31MAR2011	13	-0.000373015	-0.0011
147	43721	14MAR2011	01APR2011	14	-0.001194414	0.0052
147	43721	14MAR2011	04APR2011	15	0.001046333	0.0009
147	43721	14MAR2011	05APR2011	16	0.000671915	0.0008
147	43721	14MAR2011	06APR2011	17	-0.000149252	0.0021
147	43721	14MAR2011	07APR2011	18	0.000596984	-0.002
147	43721	14MAR2011	08APR2011	19	-0.00104407	-0.0047
147	43721	14MAR2011	11APR2011	20	0.000671865	-0.0039
147	43721	14MAR2011	12APR2011	21	0.000223919	-0.0084
147	43721	14MAR2011	13APR2011	22	0	0.0011
147	43721	14MAR2011	14APR2011	23	0.000223755	0
147	43721	14MAR2011	15APR2011	24	0.001043993	0.004400001
147	43721	14MAR2011	18APR2011	25	7.44525E-05	-0.0115
147	43721	14MAR2011	19APR2011	26	0.001266281	0.005
147	43721	14MAR2011	20APR2011	27	-0.000818335	0.0145
147	43721	14MAR2011	21APR2011	28	0.001265715	0.0056
147	43721	14MAR2011	25APR2011	29	0.000594898	-0.0016
147	43721	14MAR2011	26APR2011	30	0.00022294	0.0089
